enlem:  37.318116
boylam:  37.072734